version https://git-lfs.github.com/spec/v1
oid sha256:892419549d64b563cb524f84b7967005be1f07f9b55d63d0b76bd28084a868a1
size 176793
